              precision    recall  f1-score   support

           0     0.9990    0.9929    0.9959       980
           1     0.9974    0.9965    0.9969      1135
           2     0.9913    0.9952    0.9932      1032
           3     0.9940    0.9921    0.9931      1010
           4     0.9949    0.9939    0.9944       982
           5     0.9877    0.9933    0.9905       892
           6     0.9958    0.9916    0.9937       958
           7     0.9855    0.9932    0.9893      1028
           8     0.9918    0.9949    0.9933       974
           9     0.9920    0.9861    0.9891      1009

    accuracy                         0.9930     10000
   macro avg     0.9929    0.9930    0.9929     10000
weighted avg     0.9930    0.9930    0.9930     10000
