              precision    recall  f1-score   support

           0     0.9584    0.9867    0.9723       980
           1     0.9672    0.9859    0.9764      1135
           2     0.9371    0.9234    0.9302      1032
           3     0.9258    0.9386    0.9322      1010
           4     0.9248    0.9521    0.9383       982
           5     0.9245    0.9058    0.9151       892
           6     0.9486    0.9635    0.9560       958
           7     0.9511    0.9270    0.9389      1028
           8     0.9349    0.9138    0.9242       974
           9     0.9388    0.9128    0.9256      1009

    accuracy                         0.9417     10000
   macro avg     0.9411    0.9410    0.9409     10000
weighted avg     0.9416    0.9417    0.9415     10000
